%YAML 1.0
---
T_BS:
  cols: 4
  data: [-0.0007961098802514721, -0.023334578562516806, 0.9997273946693509, 1.052324531120532,
    -0.9999996829318345, 9.603429163007604e-14, -0.0007963267107345962, 0.20941528000110143,
    1.8581948097118328e-05, -0.9997277116511823, -0.023334571163864837, 0.4141269198245351,
    0.0, 0.0, 0.0, 1.0]
  rows: 4
camera_id: left_cam
camera_model: pinhole
distortion_coefficients: [0.0, 0.0, 0.0, 0.0]
distortion_model: radtan
intrinsics: [238.3515418007097, 200.5,  238.3515418007097,  200.5]
rate_hz: 20.0
resolution: [400, 400]
