%YAML 1.0
---
T_BS:
  cols: 4
  data: [0.0148655429818, -0.999880929698, 0.00414029679422, -0.0216401454975,
         0.999557249008, 0.0149672133247, 0.025715529948, -0.064676986768,
        -0.0257744366974, 0.00375618835797, 0.999660727178, 0.00981073058949,
         0.0, 0.0, 0.0, 1.0] #needs calibration from t265. this is from EuRoC
  rows: 4
camera_id: left_cam
camera_model: pinhole
distortion_coefficients: [ -0.0043481751345098, 0.037125650793314, -0.0355393998324871, 0.00577297387644649]
distortion_model: radtan
intrinsics: [59.75723067525081, 59.75723067525081, 16.00531005859375, 403.38909912109375]
rate_hz: 20.0
resolution: [848, 800]
