%YAML 1.0
---
T_BS:
  cols: 4
  data: [0.0007963267107329308, 0.0007963264582434015, 0.99999936586377, 0.16, -0.9999996829318349,
    6.341362297490605e-07, 0.0007963264582434015, -0.035, 1.6653345369377348e-16,
    -0.9999996829318349, 0.0007963267107329863, 0.0, 0.0, 0.0, 0.0, 1.0]
  rows: 4
camera_id: right_cam
camera_model: pinhole
distortion_coefficients: [-0.007419134024530649, 0.041209351271390915, 0.006366158835589886,
  0.0]
#% -0.03811917081475258]
distortion_model: radtan
intrinsics: [59.75723067525081, 59.75723067525081, 16.00531005859375, 403.38909912109375]
rate_hz: 30.0
resolution: [800, 848]
