%YAML 1.0
---
T_BS:
  cols: 4
  data: [0.0007963267107329308, 0.0007963264582434015, 0.99999936586377, 0.1, -0.9999996829318349,
    6.341362297490605e-07, 0.0007963264582434015, -0.07, 1.6653345369377348e-16, -0.9999996829318349,
    0.0007963267107329863, 0.0, 0.0, 0.0, 0.0, 1.0]
  rows: 4
camera_id: right_cam
camera_model: pinhole
distortion_coefficients: [0.0, 0.0, 0.0, 0.0]
distortion_model: radial-tangential
intrinsics: [238.3515418007097, 238.3515418007097, 200.5, 200.5]
rate_hz: 0.0
resolution: [400, 400]
