%YAML 1.0
---
T_BS:
  cols: 4
  data: [0.0125552670891, -0.999755099723, 0.0182237714554, -0.0198435579556,
         0.999598781151, 0.0130119051815, 0.0251588363115, 0.0453689425024,
        -0.0253898008918, 0.0179005838253, 0.999517347078, 0.00786212447038,
         0.0, 0.0, 0.0, 1.0]
  rows: 4
camera_id: right_cam
camera_model: pinhole
distortion_coefficients: [ -0.0043481751345098, 0.037125650793314, -0.0355393998324871, 0.00577297387644649]
distortion_model: radtan
intrinsics: [59.75723067525081, 59.75723067525081, 16.00531005859375, 403.38909912109375]
rate_hz: 20.0
resolution: [848, 800]
