%YAML 1.0
---
T_BS:
  cols: 4
  data: [-0.0007961098773730524, -0.02333473342002662, 0.999727391054821, 1.052324530309282,
    -0.9999996829318343, 9.620082508376981e-14, -0.0007963267107345962, -0.20303753999889854,
    1.858207141430812e-05, -0.9997277080366512, -0.023334726021325358, 0.4141268849815954,
    0.0, 0.0, 0.0, 1.0]
  rows: 4
camera_id: right_cam
camera_model: pinhole
distortion_coefficients: [ 0.0, 0.0, 0.0, 0.0]
distortion_model: radtan
intrinsics: [381.36246688113556, 381.36246688113556, 320.5, 240.5]
rate_hz: 0.0
resolution: [400, 400]
