%YAML 1.0
---
T_BS:
  cols: 4
  data: [0.0035925512811758598, -0.0010372489151491138, 0.9999930088205516, 6.450263754231855e-06,
    -0.9999920257444279, 0.0017404235010779479, 0.0035943530144089686, 0.032086215913295746,
    -0.0017441395722296305, -0.9999979475182561, -0.0010309880831824159, 0.00021202319476287812,
    0.0, 0.0, 0.0, 1.0]
  rows: 4
camera_id: left_cam
camera_model: pinhole
distortion_coefficients: [-0.0002778664056677371, 0.02870327979326248, -0.02598392963409424,
  0.0026163789443671703] #0.0
distortion_model: equidistant
intrinsics: [285.0924987792969, 285.09869384765625, 424.8494873046875, 393.4169006347656]
rate_hz: 30.0
resolution: [848, 800]
