%YAML 1.0
---
T_BS:
  cols: 4
  data: [-0.0032045678486766205, -0.001493983731194748, 0.9999937493592219, -6.450263754231855e-06,
    -0.9999945616359758, -0.0007746020749775928, -0.003205727701820593, -0.032086215913295746,
    0.0007793865382513254, -0.9999985840011157, -0.0014914933414624798, -0.00021202320931479335,
    0.0, 0.0, 0.0, 1.0]
  rows: 4
camera_id: right_cam
camera_model: pinhole
distortion_coefficients: [-0.0034724159631878138, 0.041729819029569626, -0.04071630910038948,
  0.007438824977725744]
distortion_model: equidistant
intrinsics: [285.0455017089844, 285.0812072753906, 427.614013671875, 392.210693359375]
rate_hz: 30.0
resolution: [848, 800]
